13 -43
15 -21
-8 -18
6 -19
12 -17
11 -15
-15 -23
5 -18
5 -17
17 -40
-17 -25
10 -15
9 -18
-4 -16
16 -40
0 -13
7 -18
-10 -18
-3 -16
-11 -19
-9 -19
0 -12
14 -21
3 -13
-4 -17
8 -20
-16 -23
5 -12
12 -44
12 -16
9 -20
17 -24
8 -18
-9 -18
10 -18
20 -35
3 -14
18 -37
5 -13
19 -37
5 -38
-1 -14
13 -17
-7 -16
18 -26
4 -17
11 -14
4 -38
-13 -23
3 -38
17 -25
14 -17
1 -35
20 -30
-19 -25
18 -38
14 -18
12 -14
9 -19
10 -16
-19 -30
2 -36
7 -19
-17 -33
-18 -26
12 -43
-3 -15
4 -15
-6 -15
-18 -29
-3 -13
-18 -30
-11 -21
11 -12
21 -29
-1 -12
19 -36
6 -39
-10 -19
5 -37
12 -15
1 -13
-8 -17
-18 -25
4 -14
-19 -26
1 -36
15 -42
4 -16
13 -16
12 -13
-16 -24
14 -22
19 -35
17 -38
-5 -15
20 -31
4 -13
20 -29
11 -13
-1 -13
-2 -12
-7 -15
1 -12
-7 -17
-18 -32
4 -37
20 -32
16 -23
-5 -17
2 -37
11 -43
14 -19
-11 -20
3 -16
16 -22
14 -16
-6 -16
3 -17
8 -19
5 -39
14 -20
2 -13
10 -14
-9 -17
6 -18
17 -26
-3 -14
-14 -23
5 -36
5 -14
-17 -24
-5 -16
5 -15
0 -14
13 -44
19 -26
16 -42
18 -27
17 -39
5 -16
10 -17
17 -23
-19 -29
20 -33
-2 -13
15 -22
-2 -14
10 -43
-9 -20
-2 -15
19 -29
-15 -24
-3 -17
20 -34
-8 -16
19 -27
7 -20
4 -18
16 -41
6 -40
19 -28
